order_id,execution_id
828108,22749
845788,894823
636999,41643
9842,509679
127199,681342
421275,30596
741776,647937
829096,456544
652382,408462
575337,651167
88696,404250
71221,112714
363610,652632
278161,931900
9842,388584
857256,92751
309614,233577
952292,437889
424591,110252
409328,566104
829096,423516
682740,454290
180544,456298
664342,635438
71221,779899
711891,111834
500490,247083
252601,798264
180544,328079
503985,66659
659869,821602
35380,375796
921183,60145
218860,476403
999204,241502
88980,599007
979680,30589
185387,333503
979680,794039
943833,147665
719675,741721
707416,924527
342553,743655
278161,75127
71221,231005
9842,900431
421275,625676
101513,553446
597341,406713
346294,161811
