order_id,execution_id
636902,37241
698600,712245
900736,266354
560951,482992
638622,480114
804812,545185
561992,317641
558647,148780
330725,979556
372361,236323
707394,714752
177227,676001
107976,145118
227187,29749
242893,199687
339420,168295
210014,580125
538678,630676
8496,876955
949122,781401
504127,684054
469999,105446
723273,195364
551867,642685
506923,718242
490257,595011
334571,297152
935811,287786
651892,133663
651892,870962
285054,450434
558647,218996
404837,192862
735610,711226
924614,961512
992136,550580
521621,333783
195023,616228
522344,364012
469999,895421
552365,390744
354997,900915
506923,500585
532458,65347
698600,273562
238630,539845
900265,383160
638622,312505
4837,970764
984056,71422
