order_id,execution_id
646812,654456
276409,210027
520423,599826
380601,546207
232242,13151
106265,426010
737139,639686
591973,962739
363458,800612
786951,554215
534032,761714
348375,168953
248825,295396
164133,849970
539180,317832
25087,23599
730605,843674
688575,794711
754391,775420
89177,95691
62173,54199
633494,801076
4925,944723
617503,718783
578164,68562
767229,143700
904260,556367
852189,223458
456665,143841
294358,787776
617459,946657
351145,479488
85434,505492
655840,636417
940765,979763
37116,792953
258601,323419
192366,598820
42277,512792
923914,555827
596492,297986
783837,449629
222714,845208
39899,794575
55050,158950
997396,528402
243659,853298
294721,716225
610874,566101
259275,672300
417138,813004
377119,596364
970949,400227
983012,552247
909764,537226
918309,38573
202139,672900
714937,291642
978249,604402
12114,289391
780029,597273
412861,484530
689130,927778
543068,397824
875914,936884
968043,529441
255052,18592
605333,160731
534382,336022
211002,730235
935346,707704
641507,205682
660665,142918
774129,994930
381583,471466
838044,629054
43811,664148
945184,395856
675740,700803
62173,191493
909190,272692
585459,903575
279354,524383
623433,783145
797526,457013
773667,765397
607365,966852
313056,696615
184916,899796
375937,86211
361263,164788
488029,180229
594361,653399
247634,225719
895627,117700
55340,798784
560934,400895
936669,371177
399587,921765
199999,907735
248825,388453
27106,140186
941114,597386
590358,650133
756630,118746
233760,773014
469871,325054
770675,936124
116720,793612
668661,316206
860289,541149
16213,699803
51332,952356
146621,213881
859559,255049
623655,838396
471098,46602
77166,251517
420939,368015
480772,276424
703490,848395
351156,543238
548322,672689
930384,217257
395697,166528
315642,289156
21826,459802
964143,351939
877757,210467
143303,214290
177138,500613
661259,13883
841338,993608
778731,903310
948079,569185
240863,696726
451921,363290
72656,746063
914764,534284
31342,875655
191319,74782
471759,921083
68526,653690
717547,153252
324019,363515
830655,668582
967362,584437
66420,61364
559262,415646
786951,833134
709078,965778
822427,603491
820614,353812
154686,389205
156731,399056
268696,91342
347782,85386
768142,970123
803392,305745
195378,712427
299667,961429
14917,437013
93911,300753
919231,427491
408467,592006
238949,570505
469857,559044
300110,418237
178817,266211
32216,429926
329882,252455
659094,691193
46487,642002
638094,679269
716261,592341
43719,868055
400223,268056
515466,189697
682317,230384
807883,715523
154411,475781
485900,517360
1622,660175
972347,690784
72656,22457
97284,484005
644437,148834
777869,128317
303079,54651
273075,519339
6077,751919
96629,771165
805275,909057
628570,896060
33597,564015
824407,180325
460879,600973
49621,199364
933395,643612
361117,454603
974119,299485
114657,94406
843498,746618
611454,54058
351814,46648
517574,29597
929919,570542
982316,53615
609294,252474
141595,729002
214480,253609
265977,483947
134524,593200
389031,224470
586375,778243
702825,903810
880981,880416
10500,932043
27512,650275
968985,255591
914550,52617
574532,376281
787951,541496
460560,196124
676647,26891
873006,868782
222714,638809
135474,581771
114259,883648
949564,696926
300719,853272
451019,417170
828520,501200
882885,132843
495731,654165
868801,126798
338993,777887
630514,337463
635743,740930
899549,269364
198396,769418
859870,185460
432650,174722
763444,735598
904260,168003
611006,152674
617066,20298
97634,731812
806413,999260
548513,962296
448932,103174
171462,441477
970949,191774
321095,450448
3707,291054
967365,187507
736726,279676
474531,167492
403869,624675
867219,440096
519310,121700
458486,228735
656215,187113
644985,496275
628879,267871
840800,591100
693588,90342
203862,553993
482616,716595
240466,371719
47085,114492
71420,514096
513711,429230
856009,901165
258126,800582
362720,230295
419117,200941
143173,326318
91057,807453
804433,307401
128119,99409
724310,518488
101872,364851
194489,331242
988118,177465
8201,116996
169061,429830
889172,50078
449046,694233
609022,698402
700997,666794
93641,116224
195078,937239
3489,649575
580260,240515
451829,910875
491624,931166
152148,641591
123788,177244
797764,967757
356398,144624
515559,824819
75281,167616
422523,774009
838329,620776
391665,548260
517365,239725
1371,563755
873812,350707
399661,934607
928074,646414
892880,518350
935491,508990
924936,10204
152496,386219
729156,447291
694886,12033
283630,905507
881437,765425
637850,881934
213276,666214
960590,251683
336692,425328
41701,736684
153635,264602
34957,138227
914214,144587
913367,731814
427309,214864
353572,174698
90823,941594
340174,628057
303842,418714
332731,882172
530024,119885
485900,125652
413588,742430
352853,975385
633031,292187
730165,621796
212709,884658
53948,682332
938749,392487
835916,805870
422324,9658
620992,789955
465568,36383
364450,358443
92971,770770
515979,954092
916319,920421
668686,853147
876232,574848
707113,643173
19548,584602
284142,80535
918085,284434
510709,82512
483499,747146
69247,854266
737000,506746
70382,605912
424128,357625
627399,524296
8152,884218
619838,579616
412016,391476
102538,168193
891138,368889
367041,935975
613487,229548
264181,480916
389210,611110
851986,290690
587718,761936
640506,542577
13542,104061
938695,952110
549940,335508
230331,695189
131901,731077
211590,856805
824165,146956
685422,78330
554897,697157
145815,72285
82816,334871
305431,876462
534441,424302
778957,532537
937908,981477
529381,714109
432885,937625
895789,609162
958266,201154
631625,925346
586061,72106
656089,997247
426379,837531
114581,747451
66420,656814
316663,427235
646722,824156
315102,27928
410142,707574
435137,150911
510336,376146
3188,902911
592939,685665
490946,189081
848462,480610
864388,889393
558926,73156
124091,183016
325839,585341
147211,354182
47011,218933
716512,76835
601300,263644
893529,194723
462461,257612
913073,834350
549030,833459
11075,612484
412861,292307
93480,500821
70844,618981
174061,45049
613658,958042
669407,301939
74502,907628
192109,875709
774762,747875
155395,615926
993680,682437
278301,449782
978055,271160
548016,588954
957470,992703
801147,445160
834205,21773
402582,284769
632498,757064
207850,467314
107508,184345
582945,282329
89083,728178
177417,42968
713438,863798
896555,179959
79091,249893
758148,545843
981365,72896
878568,553782
831256,725859
866279,185184
594361,313206
455777,193206
91885,776804
7600,994754
885932,728429
911749,132841
4011,473295
14990,146862
993811,19949
694674,292590
629282,236052
298266,297829
150052,318610
486051,28977
835454,391419
621696,714349
716404,615487
861130,65468
703474,758224
345829,690503
595291,512397
448932,335213
145457,631899
504322,154298
559262,828567
149481,855920
523496,136487
934745,360993
633043,830719
396168,248484
384809,450094
350329,633008
388645,955619
943966,807328
131901,508804
636502,703010
532887,251304
189510,100099
319416,495566
949,328229
11785,488315
564924,364216
447150,894818
312670,221446
